c1
8
-0.01792 0.3705
0.01792 0.3705
0.020305 0.3955
0.021355 0.4065
0.02708 0.4665
-0.02708 0.4665
-0.021355 0.4065
-0.020305 0.3955

7
botleft
4
-0.6125 -0.001
0 -0.001
0 0.001
-0.6125 0.001

botright
4
0 -0.001
0.68 -0.001
0.68 0.001
0 0.001

lEnv
8
-0.10792 0.3705
-0.07208 0.3705
-0.069695 0.3955
-0.068645 0.4065
-0.06292 0.4665
-0.11708 0.4665
-0.111355 0.4065
-0.110305 0.3955

c2
8
0.04958 0.3705
0.08542 0.3705
0.087805 0.3955
0.088855 0.4065
0.09458 0.4665
0.04042 0.4665
0.046145 0.4065
0.047195 0.3955

rEnv
8
0.13958 0.3705
0.17542 0.3705
0.177805 0.3955
0.178855 0.4065
0.18458 0.4665
0.13042 0.4665
0.136145 0.4065
0.137195 0.3955

topleft
4
-0.6125 0.7415
0 0.7415
0 0.8405
-0.6125 0.8405

topright
4
0 0.7415
0.68 0.7415
0.68 0.8405
0 0.8405


27
FOXA+FOXB+TOX
5
-0.6125 0.001
0 0.001
0.68 0.001
0.68 0.2665
-0.6125 0.2665
4

ILD1a
4
-0.6125 0.2665
0.68 0.2665
0.68 0.2765
-0.6125 0.2765
7

ILD1b1+ILD1b2
12
-0.6125 0.2765
0.68 0.2765
0.68 0.3705
0.17542 0.3705
0.13958 0.3705
0.08542 0.3705
0.04958 0.3705
0.01792 0.3705
-0.01792 0.3705
-0.07208 0.3705
-0.10792 0.3705
-0.6125 0.3705
4

ILD1b3
4
-0.6125 0.3705
-0.10792 0.3705
-0.110305 0.3955
-0.6125 0.3955
4

ILD1b3
4
-0.07208 0.3705
-0.01792 0.3705
-0.020305 0.3955
-0.069695 0.3955
4

ILD1b3
4
0.01792 0.3705
0.04958 0.3705
0.047195 0.3955
0.020305 0.3955
4

ILD1b3
4
0.08542 0.3705
0.13958 0.3705
0.137195 0.3955
0.087805 0.3955
4

ILD1b3
4
0.17542 0.3705
0.68 0.3705
0.68 0.3955
0.177805 0.3955
4

IMD1a
4
-0.6125 0.3955
-0.110305 0.3955
-0.111355 0.4065
-0.6125 0.4065
5.2

IMD1a
4
-0.069695 0.3955
-0.020305 0.3955
-0.021355 0.4065
-0.068645 0.4065
5.2

IMD1a
4
0.020305 0.3955
0.047195 0.3955
0.046145 0.4065
0.021355 0.4065
5.2

IMD1a
4
0.087805 0.3955
0.137195 0.3955
0.136145 0.4065
0.088855 0.4065
5.2

IMD1a
4
0.177805 0.3955
0.68 0.3955
0.68 0.4065
0.178855 0.4065
5.2

IMD1b
4
-0.6125 0.4065
-0.111355 0.4065
-0.11708 0.4665
-0.6125 0.4665
2.8

IMD1b
4
-0.068645 0.4065
-0.021355 0.4065
-0.02708 0.4665
-0.06292 0.4665
2.8

IMD1b
4
0.021355 0.4065
0.046145 0.4065
0.04042 0.4665
0.02708 0.4665
2.8

IMD1b
4
0.088855 0.4065
0.136145 0.4065
0.13042 0.4665
0.09458 0.4665
2.8

IMD1b
4
0.178855 0.4065
0.68 0.4065
0.68 0.4665
0.18458 0.4665
2.8

IMD2a
12
-0.6125 0.4665
-0.11708 0.4665
-0.06292 0.4665
-0.02708 0.4665
0.02708 0.4665
0.04042 0.4665
0.09458 0.4665
0.13042 0.4665
0.18458 0.4665
0.68 0.4665
0.68 0.4875
-0.6125 0.4875
5.2

IMD2b
4
-0.6125 0.4875
0.68 0.4875
0.68 0.5025
-0.6125 0.5025
4.2

IMD2c
4
-0.6125 0.5025
0.68 0.5025
0.68 0.5265
-0.6125 0.5265
3.28

IMD2d1+IMD2d2
4
-0.6125 0.5265
0.68 0.5265
0.68 0.6535
-0.6125 0.6535
2.65

IMD3a
4
-0.6125 0.6535
0.68 0.6535
0.68 0.6745
-0.6125 0.6745
5.2

IMD3b
4
-0.6125 0.6745
0.68 0.6745
0.68 0.6895
-0.6125 0.6895
4.2

IMD3c
4
-0.6125 0.6895
0.68 0.6895
0.68 0.7135
-0.6125 0.7135
3.28

IMD3d1
4
-0.6125 0.7135
0.68 0.7135
0.68 0.7315
-0.6125 0.7315
2.65

IMD3d1_damage
5
-0.6125 0.7315
0.68 0.7315
0.68 0.7415
0 0.7415
-0.6125 0.7415
3.1


4
-0.6125 0.001
0.68 0.001
0.68 0.7415
-0.6125 0.7415

