c1
4
-0.01951 0.7415 
0.01951 0.7415 
0.02549 0.8405 
-0.02549 0.8405 

7
botleft
4
-0.6125 -0.001 
0 -0.001 
0 0.001 
-0.6125 0.001 

botright
4
0 -0.001 
0.68 -0.001 
0.68 0.001 
0 0.001 

lEnv
4
-0.10951 0.7415 
-0.07049 0.7415 
-0.06451 0.8405 
-0.11549 0.8405 

c2
4
0.04799 0.7415 
0.08701 0.7415 
0.09299 0.8405 
0.04201 0.8405 

rEnv
4
0.13799 0.7415 
0.17701 0.7415 
0.18299 0.8405 
0.13201 0.8405 

topleft
4
-0.6125 1.1155 
0 1.1155 
0 1.2145 
-0.6125 1.2145 

topright
4
0 1.1155 
0.68 1.1155 
0.68 1.2145 
0 1.2145 


44
FOXA+FOXB+TOX
5
-0.6125 0.001 
0 0.001 
0.68 0.001 
0.68 0.2665 
-0.6125 0.2665 
4

ILD1a
4
-0.6125 0.2665 
0.68 0.2665 
0.68 0.2765 
-0.6125 0.2765 
7

ILD1b1+ILD1b2+ILD1b3
4
-0.6125 0.2765 
0.68 0.2765 
0.68 0.3955 
-0.6125 0.3955 
4

IMD1a
4
-0.6125 0.3955 
0.68 0.3955 
0.68 0.4065 
-0.6125 0.4065 
5.2

IMD1b
4
-0.6125 0.4065 
0.68 0.4065 
0.68 0.4665 
-0.6125 0.4665 
2.8

IMD2a
4
-0.6125 0.4665 
0.68 0.4665 
0.68 0.4875 
-0.6125 0.4875 
5.2

IMD2b
4
-0.6125 0.6745 
0.68 0.6745 
0.68 0.6895 
-0.6125 0.6895 
4.2

IMD2c
4
-0.6125 0.6895 
0.68 0.6895 
0.68 0.7135 
-0.6125 0.7135 
3.28

IMD2d1
12
-0.6125 0.7135 
0.68 0.7135 
0.68 0.7315 
0.186424 0.7315 
0.128576 0.7315 
0.096424 0.7315 
0.038576 0.7315 
0.028924 0.7315 
-0.028924 0.7315 
-0.061076 0.7315 
-0.118924 0.7315 
-0.6125 0.7315 
2.65

IMD2d1
4
-0.6125 0.7315 
-0.118924 0.7315 
-0.119528 0.7415 
-0.6125 0.7415 
2.65

IMD2d1_damage
8
-0.118924 0.7315 
-0.061076 0.7315 
-0.060472 0.7415 
-0.065481 0.7415 
-0.07049 0.7415 
-0.10951 0.7415 
-0.114519 0.7415 
-0.119528 0.7415 
3.1

IMD2d1
4
-0.061076 0.7315 
-0.028924 0.7315 
-0.029528 0.7415 
-0.060472 0.7415 
2.65

IMD2d1_damage
8
-0.028924 0.7315 
0.028924 0.7315 
0.029528 0.7415 
0.024519 0.7415 
0.01951 0.7415 
-0.01951 0.7415 
-0.024519 0.7415 
-0.029528 0.7415 
3.1

IMD2d1
4
0.028924 0.7315 
0.038576 0.7315 
0.037972 0.7415 
0.029528 0.7415 
2.65

IMD2d1_damage
8
0.038576 0.7315 
0.096424 0.7315 
0.097028 0.7415 
0.092019 0.7415 
0.08701 0.7415 
0.04799 0.7415 
0.042981 0.7415 
0.037972 0.7415 
3.1

IMD2d1
4
0.096424 0.7315 
0.128576 0.7315 
0.127972 0.7415 
0.097028 0.7415 
2.65

IMD2d1_damage
8
0.128576 0.7315 
0.186424 0.7315 
0.187028 0.7415 
0.182019 0.7415 
0.17701 0.7415 
0.13799 0.7415 
0.132981 0.7415 
0.127972 0.7415 
3.1

IMD2d1
4
0.186424 0.7315 
0.68 0.7315 
0.68 0.7415 
0.187028 0.7415 
2.65

IMD2d2
5
-0.6125 0.7415 
-0.119528 0.7415 
-0.114519 0.7415 
-0.120499 0.8405 
-0.6125 0.8405 
2.65

IMD2d2_damage
4
-0.114519 0.7415 
-0.10951 0.7415 
-0.11549 0.8405 
-0.120499 0.8405 
2.9

IMD2d2_damage
4
-0.07049 0.7415 
-0.065481 0.7415 
-0.059501 0.8405 
-0.06451 0.8405 
2.9

IMD2d2
6
-0.065481 0.7415 
-0.060472 0.7415 
-0.029528 0.7415 
-0.024519 0.7415 
-0.030499 0.8405 
-0.059501 0.8405 
2.65

IMD2d2_damage
4
-0.024519 0.7415 
-0.01951 0.7415 
-0.02549 0.8405 
-0.030499 0.8405 
2.9

IMD2d2_damage
4
0.01951 0.7415 
0.024519 0.7415 
0.030499 0.8405 
0.02549 0.8405 
2.9

IMD2d2
6
0.024519 0.7415 
0.029528 0.7415 
0.037972 0.7415 
0.042981 0.7415 
0.037001 0.8405 
0.030499 0.8405 
2.65

IMD2d2_damage
4
0.042981 0.7415 
0.04799 0.7415 
0.04201 0.8405 
0.037001 0.8405 
2.9

IMD2d2_damage
4
0.08701 0.7415 
0.092019 0.7415 
0.097999 0.8405 
0.09299 0.8405 
2.9

IMD2d2
6
0.092019 0.7415 
0.097028 0.7415 
0.127972 0.7415 
0.132981 0.7415 
0.127001 0.8405 
0.097999 0.8405 
2.65

IMD2d2_damage
4
0.132981 0.7415 
0.13799 0.7415 
0.13201 0.8405 
0.127001 0.8405 
2.9

IMD2d2_damage
4
0.17701 0.7415 
0.182019 0.7415 
0.187999 0.8405 
0.18299 0.8405 
2.9

IMD2d2
5
0.182019 0.7415 
0.187028 0.7415 
0.68 0.7415 
0.68 0.8405 
0.187999 0.8405 
2.65

IMD3a
20
-0.6125 0.8405 
-0.120499 0.8405 
-0.11549 0.8405 
-0.06451 0.8405 
-0.059501 0.8405 
-0.030499 0.8405 
-0.02549 0.8405 
0.02549 0.8405 
0.030499 0.8405 
0.037001 0.8405 
0.04201 0.8405 
0.09299 0.8405 
0.097999 0.8405 
0.127001 0.8405 
0.13201 0.8405 
0.18299 0.8405 
0.187999 0.8405 
0.68 0.8405 
0.68 0.8615 
-0.6125 0.8615 
5.2

IMD3b
4
-0.6125 1.0485 
0.68 1.0485 
0.68 1.0635 
-0.6125 1.0635 
4.2

IMD3c
4
-0.6125 1.0635 
0.68 1.0635 
0.68 1.0875 
-0.6125 1.0875 
3.28

IMD3d1
4
-0.6125 1.0875 
0.68 1.0875 
0.68 1.1055 
-0.6125 1.1055 
2.65

IMD3d1_damage
5
-0.6125 1.1055 
0.68 1.1055 
0.68 1.1155 
0 1.1155 
-0.6125 1.1155 
3.1

IMD2b1
4
-0.6125 3.44954e+18 
0.68 3.44954e+18 
0.68 3.44954e+18 
-0.6125 3.44954e+18 
4.2

IMD2c1
4
-0.6125 3.44954e+18 
0.68 3.44954e+18 
0.68 3.44954e+18 
-0.6125 3.44954e+18 
3.28

IMD2d1+IMD2d21
4
-0.6125 3.44954e+18 
0.68 3.44954e+18 
0.68 3.44954e+18 
-0.6125 3.44954e+18 
2.65

IMD3a1
4
-0.6125 3.44954e+18 
0.68 3.44954e+18 
0.68 3.44954e+18 
-0.6125 3.44954e+18 
5.2

IMD2b2
4
-0.6125 0.8615 
0.68 0.8615 
0.68 0.8765 
-0.6125 0.8765 
4.2

IMD2c2
4
-0.6125 0.8765 
0.68 0.8765 
0.68 0.9005 
-0.6125 0.9005 
3.28

IMD2d1+IMD2d22
4
-0.6125 0.9005 
0.68 0.9005 
0.68 1.0275 
-0.6125 1.0275 
2.65

IMD3a2
4
-0.6125 1.0275 
0.68 1.0275 
0.68 1.0485 
-0.6125 1.0485 
5.2


4
-0.6125 0.001 
0.68 0.001 
0.68 0.7415 
-0.6125 0.7415 

